1;7;36;
0;7;36;
1;36;60;
0;36;60;
1;60;76;
1;76;107;
1;107;107;
NinePointCor_EditFieldSize=100
NinePointCor_EditBoxSize=80
NinePointCor_EditTestRectXSize=79.98460
NinePointCor_EditTestRectYSize=79.98460
NinePointCor_EditTestXFactorStr=25.40000
NinePointCor_EditTestYFactorStr=25.40000
NinePointCor_EditCrossLineP24Str=0.00000
NinePointCor_EditCrossLineP26Str=0.00000
NinePointCor_EditCrossLineP46Str=0.00000
NinePointCor_EditCrossLineDisCoeStr=0.00000
NinePointCor_P1_X=64
NinePointCor_P1_Y=64
NinePointCor_P2_X=0.00000
NinePointCor_P2_Y=64
NinePointCor_P3_X=64
NinePointCor_P3_Y=64
NinePointCor_P4_X=64
NinePointCor_P4_Y=0.00000
NinePointCor_P5_X=0.00000
NinePointCor_P5_Y=0.00000
NinePointCor_P6_X=64
NinePointCor_P6_Y=0.00000
NinePointCor_P7_X=64
NinePointCor_P7_Y=64
NinePointCor_P8_X=0.00000
NinePointCor_P8_Y=64
NinePointCor_P9_X=64
NinePointCor_P9_Y=64
NinePointCor_ScannerPara=1
Dyn2DCorDlg_Layer0=0.0;-90.00000;
Dyn2DCorDlg_Layer1=1.0;-77.14286;
Dyn2DCorDlg_Layer2=2.0;-64.28572;
Dyn2DCorDlg_Layer3=3.0;-51.42857;
Dyn2DCorDlg_Layer4=4.0;-38.57143;
Dyn2DCorDlg_Layer5=5.0;-25.71429;
Dyn2DCorDlg_Layer6=6.0;-12.85715;
Dyn2DCorDlg_Layer7=7.0;0.00000;
Dyn2DCorDlg_Layer8=8.0;12.85714;
Dyn2DCorDlg_Layer9=9.0;25.71428;
Dyn2DCorDlg_Layer10=10.0;38.57143;
Dyn2DCorDlg_Layer11=11.0;51.42857;
Dyn2DCorDlg_Layer12=12.0;64.28571;
Dyn2DCorDlg_Layer13=13.0;77.14285;
Dyn2DCorDlg_Layer14=14.0;90.00000;
Dyn2DCorDlg_Z0=0.00000
Dyn2DCorDlg_Z1=0.00000
Dyn2DCorDlg_Z2=0.00000
Dyn2DCorDlg_Z3=0.00000
Dyn2DCorDlg_Z4=0.00000
Dyn2DCorDlg_Z5=0.00000
Dyn2DCorDlg_Z6=0.00000
Dyn2DCorDlg_Z7=0.00000
Dyn2DCorDlg_Z8=0.00000
XYInternalCor_StaticEditMaxMarkFieldStr=175
XYIntenalCor_StaticEditCorFiledStr=2539.99996
XYInternalCor_BoxSize=175
XYInternalCor_XScale=49.6595
XYInternalCor_XDis=1.2100
XYInternalCor_XParaLism=1.0000
XYInternalCor_XTrapzoid=1.0040
XYInternalCor_XOffset=0.00000
XYInternalCor_YScale=49.6028
XYInternalCor_YDis=0.9250
XYInternalCor_YParaLism=1.0000
XYInternalCor_YTrapzoid=1.0120
XYInternalCor_YOffset=0.00000
XYInternalCor_ScannerPara=1
XYInternalCor_XActualMarkSize=174.00000
XYInternalCor_YActualMarkSize=175.20000
NULL
XY2100_16
NULL
300
NULL
1000.00002
10
100
9.99998
NULL
0
100
100
100
NULL
CO2
5
40
20
Yes
0
NULL
1000.00002
0.00000
0.00000
1.0
1.0
NULL
Yes
0.0
0.0
